1147010 1 1 623 -4.300 124 15.300 138 1 1412569.000
1147013 1 2 626 -4.140 124 15.330 138 2 1412569.000
1447150 1 3 627 -4.270 124 15.320 138 3 1412569.000
1147011 1 4 624 -0.350 139 25.450 178 4 374296.250
1147012 1 5 625 -2.950 129 25.920 180 5 330657.190
1653100 1 6 650 -3.330 126 29.250 194 6 6572.050
1253100 1 6 649 -4.030 125 30.580 198 7 3580.630
1670160 1 7 697 -3.290 126 30.320 197 8 298.440
1653350 1 7 652 -3.450 126 30.510 199 9 298.440
1593740 1 6 789 -10.180 99 30.970 201 10 2355.470
1593300 1 6 788 -10.470 99 29.050 193 11 1766.040
1653225 1 6 651 -4.010 125 29.460 193 12 298.350
1670145 1 6 695 -3.520 125 29.810 195 13 298.350
1593500 1 6 787 -8.900 104 29.970 195 14 295.250
1591003 1 6 741 -11.130 96 24.250 174 15 293.420
1147200 1 4 629 -3.180 128 17.380 146 16 293745.880
1147201 1 5 630 -4.330 123 20.580 159 17 94866.840
1749100 1 4 643 4.370 158 18.580 151 18 198804.120
1749500 1 5 645 4.720 160 22.820 168 19 48164.910
1749600 1 6 647 5.030 161 25.150 177 20 11612.520
1749800 1 7 648 5.400 162 26.500 182 21 2380.890
1749480 1 5 644 4.600 159 21.920 164 22 30839.720
1749510 1 5 646 4.730 160 22.680 167 23 9817.920
1749080 1 5 642 4.530 158 18.470 150 24 3873.690
1448100 1 4 635 1.620 147 16.050 141 25 59367.650
1748500 1 5 640 3.180 154 16.120 141 26 29202.010
1348152 1 6 638 4.200 157 14.680 135 27 8344.730
1348151 1 7 637 4.230 157 14.320 134 28 3280.580
1749050 1 4 641 3.670 155 18.300 150 29 11922.860
1447300 1 4 631 -2.910 129 15.650 139 30 5375.600
1448500 1 4 639 1.350 145 17.480 146 31 4782.210
1447600 1 4 634 0.380 142 15.480 138 32 4185.900
1447550 1 5 633 0.880 145 14.980 135 33 597.930
1447400 1 4 632 -1.900 133 15.850 140 34 2390.740
1362100 2 1 682 29.700 258 31.280 201 35 1320301.250
10060 2 2 59 24.033 237 32.866 208 36 1243074.380
10059 2 3 58 23.971 236 32.879 208 37 1241708.120
1673100 2 4 703 15.600 202 32.550 206 38 715464.690
10226 2 5 224 15.239 201 32.465 206 39 715176.310
1673600 2 6 704 9.580 179 31.620 202 40 492568.340
1472150 2 7 701 2.280 150 31.570 204 41 153268.330
1472300 2 8 702 0.470 142 33.120 210 42 92294.800
1271500 2 9 700 -1.650 134 34.560 215 43 4783.420
1269400 2 9 690 -2.640 130 33.540 211 44 2389.960
1769100 2 9 688 -0.280 140 35.000 217 45 897.110
1769200 2 9 689 -0.160 139 35.160 218 46 598.060
10071 2 9 70 0.542 143 35.164 217 47 598.040
10080 2 8 79 0.446 142 33.188 209 48 31084.780
10274 2 9 271 0.446 142 33.188 209 49 31084.780
10275 2 10 272 0.446 142 33.188 209 50 31084.780
1870600 2 11 699 -2.060 131 30.110 198 51 6275.470
1670100 2 11 691 -2.840 129 30.340 198 52 3583.000
1670101 2 12 692 -3.420 127 29.930 196 53 2388.640
1670200 2 13 698 -2.810 128 29.720 195 54 597.110
1670120 2 13 693 -3.180 129 29.920 195 55 298.660
1670130 2 12 694 -3.250 128 30.030 197 56 298.590
1670150 2 13 696 -3.370 128 30.040 197 57 298.590
1469100 2 11 687 -0.620 138 30.650 199 58 897.070
1468200 2 7 686 1.130 144 31.000 201 59 598.000
1566100 2 6 685 8.250 174 34.580 215 60 9466.710
1582700 2 6 712 8.230 174 37.580 226 61 7101.880
1582800 2 7 713 8.250 174 37.770 229 62 591.700
10229 2 4 227 13.548 195 33.635 211 63 81990.010
1663800 2 5 684 11.850 189 34.380 214 64 75280.730
10228 2 6 226 11.798 188 34.388 214 65 74988.370
10061 2 7 60 9.558 179 37.366 226 66 589.870
1563500 2 7 683 11.370 186 37.030 225 67 586.580
10227 2 4 225 14.925 200 35.908 220 68 41001.410
20001 3 1 815 4.375 158 6.125 101 69 867026.500
20003 3 2 817 8.400 174 6.600 103 70 711222.120
10197 3 3 195 9.863 180 4.611 95 71 657576.880
20004 3 4 818 11.600 187 3.750 92 72 566672.120
20006 3 5 820 13.400 194 2.300 86 73 293927.410
1234150 3 6 512 13.520 195 2.080 84 74 287264.690
20005 3 7 819 13.800 196 1.600 83 75 286683.750
20007 3 8 821 14.700 199 0.900 80 76 258255.810
1134900 3 9 552 15.670 204 0.500 78 77 232263.700
20008 3 10 822 16.900 208 -0.400 75 78 193843.160
1134500 3 11 531 14.530 198 -4.220 59 79 125227.880
1134250 3 12 518 13.720 195 -6.050 52 80 52269.320
1134100 3 13 507 12.870 192 -7.550 46 81 47028.790
1134030 3 14 500 11.680 187 -8.670 41 82 29695.070
1634650 3 15 543 11.250 186 -9.170 40 83 27349.830
1634400 3 16 525 10.650 183 -9.870 36 84 7357.440
1634350 3 17 522 9.180 178 -10.060 35 85 295.040
1634600 3 16 541 11.370 186 -9.610 38 86 6451.040
1634420 3 16 527 10.600 183 -9.730 38 87 5599.360
1634440 3 17 528 10.400 182 -9.800 38 88 3833.110
1634500 3 16 533 10.380 182 -9.300 39 89 3831.970
1134040 3 14 501 11.970 188 -8.230 44 90 12951.060
1134050 3 15 503 11.580 187 -8.170 43 91 12365.530
1134020 3 16 499 11.150 185 -8.550 42 92 9724.570
1634800 3 17 549 10.630 183 -8.680 42 93 8843.820
1434200 3 18 516 9.700 179 -7.790 45 94 885.120
1134060 3 16 504 11.130 186 -8.200 44 95 1468.300
10106 3 15 105 11.638 187 -8.229 44 96 292.900
1134460 3 12 530 14.150 197 -4.980 58 97 50645.750
1134220 3 13 517 11.420 186 -6.570 50 98 12934.590
1434850 3 14 551 10.630 183 -6.220 51 99 3239.700
1434810 3 15 550 9.850 180 -6.360 51 100 1768.740
10052 3 16 51 9.683 179 -6.733 50 101 884.260
1434780 3 17 548 9.650 179 -6.370 50 102 884.260
1434750 3 14 547 9.510 180 -6.360 50 103 294.610
1928370 3 14 452 10.680 184 -5.100 55 104 293.670
1134200 3 13 515 12.520 191 -6.800 49 105 12315.190
1134110 3 14 509 11.400 185 -7.450 46 106 5294.010
1134080 3 15 506 10.800 183 -7.670 45 107 2649.830
1434300 3 16 520 10.060 181 -7.580 46 108 1473.250
1434350 3 17 521 9.840 180 -7.570 46 109 589.430
1134350 3 13 523 11.680 187 -5.580 54 110 1172.390
1234080 3 9 505 14.750 200 0.600 78 111 20512.930
1234050 3 10 502 14.620 198 0.300 77 112 2318.030
1934645 3 11 542 14.370 197 -0.030 76 113 869.990
1234130 3 8 511 13.730 195 1.620 82 114 16007.500
1934680 3 9 544 12.630 191 -0.030 75 115 1459.310
1934575 3 9 539 14.080 196 -0.130 77 116 580.620
1234120 3 8 510 13.850 196 1.470 82 117 2901.840
1234100 3 9 508 14.020 196 0.750 80 118 870.930
1734600 3 5 540 11.750 187 3.330 90 119 5581.190
1734550 3 6 537 10.980 184 3.250 89 120 3528.550
1734560 3 7 538 10.980 184 3.250 89 121 3528.550
1734450 3 5 529 12.350 189 2.730 86 123 4400.050
1734300 3 6 519 11.400 185 2.180 85 124 2056.870
1734400 3 5 524 11.230 185 2.650 87 125 3232.230
1734410 3 6 526 11.230 185 2.650 87 126 3232.230
10220 3 4 218 11.617 187 5.633 99 128 2050.310
1234680 3 4 545 13.320 193 7.170 106 129 1748.520
1234700 3 5 546 13.150 193 7.220 106 130 1748.520
10219 3 4 217 12.368 190 7.465 106 131 1461.000
1837462 3 5 591 12.170 190 8.160 108 132 292.090
10201 3 4 199 10.083 181 4.850 96 133 1176.820
10195 3 4 193 13.072 193 7.243 105 134 1166.360
10202 3 4 200 10.478 182 4.121 93 137 294.150
10198 3 3 196 10.640 183 7.595 107 138 7936.290
10218 3 4 216 11.134 185 7.759 108 139 1467.830
1837433 3 5 587 10.750 183 8.810 111 140 293.910
1837440 3 5 588 11.350 185 8.300 110 141 293.420
10193 3 3 191 9.137 177 4.788 96 142 3547.420
10211 3 3 209 9.973 180 6.835 104 143 1178.430
10212 3 3 210 9.567 179 6.661 103 144 589.650
10215 3 3 213 8.867 176 7.050 105 145 295.460
10183 3 3 181 10.450 182 6.333 102 146 294.150
20002 3 2 816 8.100 173 7.100 105 147 135306.360
10200 3 3 198 9.681 179 12.016 125 148 68437.620
1835800 3 4 562 9.250 178 12.500 128 149 45192.460
1335500 3 5 561 9.300 178 13.380 131 150 28040.990
1335014 3 6 554 9.050 177 13.680 131 151 12418.310
1335241 3 7 559 8.400 174 14.250 134 152 2071.680
1335011 3 7 553 8.120 173 13.830 132 153 1480.900
1335181 3 6 558 9.620 179 13.870 133 154 11205.290
1535100 3 7 555 9.690 179 15.500 139 155 1475.420
1535110 3 7 556 9.280 179 15.500 138 156 884.700
1335381 3 6 560 9.770 180 13.930 132 157 2353.630
1335122 3 5 557 8.600 175 12.830 128 158 10368.700
10186 3 4 184 10.322 182 11.481 122 159 11168.490
10217 3 5 215 9.500 179 9.067 113 160 589.870
10203 3 5 201 9.833 180 9.217 113 161 294.610
10184 3 4 182 9.923 180 11.601 123 162 294.610
10204 3 3 202 9.217 177 9.883 116 163 2064.860
10187 3 3 185 8.350 174 8.298 110 164 295.850
10210 3 3 208 8.892 176 9.531 115 165 295.460
1891500 4 1 763 -16.150 77 33.580 210 166 420946.440
10157 4 2 155 -15.587 78 32.706 207 167 405620.000
1291100 4 3 742 -17.470 71 24.300 174 168 129846.640
1591001 4 4 740 -16.120 76 23.250 169 169 117807.480
1591200 4 5 743 -14.020 84 23.600 171 170 27104.910
1591231 4 6 747 -13.600 86 24.220 173 171 17521.140
1591237 4 7 748 -11.530 93 24.420 173 172 292.640
1591820 4 5 773 -14.970 81 22.680 167 173 12746.780
10277 4 3 274 -15.808 77 28.421 190 174 60257.270
10276 4 4 273 -15.775 77 28.117 189 175 58816.990
1591401 4 5 750 -15.820 77 28.220 189 176 58816.990
1591402 4 6 751 -15.750 79 27.300 185 177 49608.860
1591403 4 7 752 -15.770 77 26.020 181 178 45284.970
1591404 4 8 753 -14.930 80 25.920 180 179 40685.840
1591405 4 9 754 -14.420 83 27.000 185 180 20650.160
1591406 4 10 755 -13.650 86 27.620 187 181 9620.250
1591471 4 11 760 -13.250 89 28.130 189 182 3798.200
1591480 4 12 761 -12.880 89 28.250 189 183 3798.200
1591460 4 11 759 -13.300 87 28.220 189 184 290.930
1591441 4 10 757 -12.920 89 27.350 186 185 1167.220
1591450 4 6 758 -15.220 80 27.330 186 186 288.680
10278 4 3 275 -16.522 74 28.762 192 187 19048.650
10311 4 4 308 -16.523 74 28.779 192 188 19048.650
10331 4 5 328 -17.272 71 29.461 194 189 15329.750
1491500 4 6 764 -18.650 66 29.780 196 190 2548.710
10296 4 6 293 -18.176 68 30.274 198 191 2272.360
10348 4 7 345 -18.107 68 30.389 198 192 2272.360
1491580 4 8 766 -18.120 68 30.220 198 193 2272.360
10299 4 6 296 -18.861 65 29.844 196 194 1696.040
1491600 4 7 767 -18.850 65 29.820 196 195 1696.040
1491510 4 8 765 -19.030 65 30.370 197 196 1130.550
1491610 4 9 768 -18.820 65 30.320 197 197 1130.550
10349 4 8 346 -19.019 64 30.222 197 198 282.530
10295 4 6 292 -18.448 67 29.869 196 199 851.370
10336 4 6 333 -18.458 67 29.414 194 200 850.960
10290 4 6 287 -19.050 64 29.783 196 201 564.630
10285 4 6 282 -17.050 72 29.533 195 202 285.780
1491650 4 6 769 -17.170 71 29.970 195 203 285.390
10306 4 6 303 -17.983 69 30.081 197 204 284.600
10354 4 6 351 -18.086 68 29.978 196 205 284.200
10313 4 5 310 -16.879 73 29.422 194 206 286.160
1491200 4 3 744 -18.370 67 27.050 185 207 16378.970
1491210 4 4 745 -18.600 66 27.170 186 208 7611.350
10321 4 5 318 -19.759 61 28.412 190 209 562.000
10312 4 6 309 -20.148 60 28.429 190 210 280.780
10341 4 5 338 -19.859 61 28.590 191 211 562.000
10317 4 6 314 -20.029 60 28.528 191 212 280.780
10365 4 7 362 -20.054 60 28.565 191 213 280.780
10292 4 5 289 -19.317 63 28.211 189 214 282.100
10320 4 5 317 -20.216 60 28.049 189 215 280.780
1491250 4 4 749 -18.920 65 28.870 192 216 2538.450
10356 4 5 353 -19.581 62 29.295 194 217 562.890
10280 4 5 277 -19.506 62 29.744 195 218 281.670
1491220 4 4 746 -18.570 67 27.550 187 219 567.580
10303 4 4 300 -19.353 63 29.603 195 220 564.200
10310 4 5 307 -19.375 63 29.590 195 221 564.200
10329 4 6 326 -19.253 63 29.531 195 222 564.200
1491485 4 7 762 -19.050 63 29.780 195 223 564.200
10367 4 8 364 -19.328 63 29.993 196 224 282.100
10358 4 3 355 -16.950 73 30.497 198 225 3708.860
10327 4 4 324 -17.221 72 30.387 198 226 2850.760
1491700 4 5 770 -16.950 72 30.350 198 227 2850.760
10293 4 6 290 -17.408 71 30.311 198 228 2279.590
10297 4 7 294 -17.821 69 30.505 199 229 1709.200
10307 4 8 304 -17.884 69 30.771 200 230 569.200
10326 4 8 323 -17.522 70 30.989 200 231 285.000
1491760 4 9 771 -17.980 70 31.070 200 232 285.000
10304 4 4 301 -17.036 72 30.611 199 233 285.780
10287 4 3 284 -16.750 74 29.844 196 234 2003.110
10291 4 4 288 -16.778 73 30.244 197 235 286.160
10302 4 5 299 -16.864 73 30.025 197 236 286.160
10289 4 3 286 -16.547 74 31.069 201 237 572.700
1591410 4 3 756 -16.170 75 28.020 188 238 286.910
10221 5 1 219 16.244 205 -16.375 11 239 202042.250
1112300 5 2 391 13.830 196 -11.130 32 240 45985.380
1112330 5 3 392 13.340 195 -9.530 37 241 25570.230
1112340 5 4 393 13.450 194 -9.880 37 242 7005.950
1112350 5 3 394 13.140 194 -10.480 34 243 10535.490
10105 5 4 104 13.196 193 -10.430 35 244 10244.560
1112500 5 5 396 12.330 191 -10.160 35 245 7620.060
1812600 5 2 397 14.450 199 -12.220 27 246 10485.030
1112200 5 3 389 13.230 194 -11.380 30 247 6128.600
1112400 5 4 395 12.310 191 -11.230 31 248 3798.510
1512200 5 2 390 15.530 203 -12.700 26 249 2302.470
1537300 6 1 580 10.480 183 16.720 143 250 196387.980
1537450 6 2 589 8.330 174 17.770 148 251 27314.560
1737150 6 3 568 6.470 166 17.450 145 252 8323.690
1737100 6 4 566 6.480 167 17.080 145 253 4754.690
1737080 6 5 564 6.330 166 16.350 142 254 2972.010
1737200 6 3 570 6.500 167 18.270 149 255 2972.420
1537250 6 2 573 8.650 174 16.830 144 256 5927.960
1737250 6 2 572 7.000 169 19.180 153 257 2672.590
1737280 6 2 578 7.200 169 20.020 158 258 2076.420
1737300 6 2 581 7.570 171 20.180 158 259 1481.430
10065 7 1 64 6.119 165 0.125 77 260 157774.860
1531700 7 2 482 6.200 165 0.100 77 261 157774.860
10064 7 3 63 6.350 166 0.100 77 262 157477.530
1531100 7 4 461 8.150 174 -2.030 67 263 55319.500
1431300 7 5 467 9.190 178 -2.710 66 264 49999.930
1531050 7 6 459 10.630 184 -2.920 65 265 42636.760
1931190 7 7 463 12.730 191 -3.480 62 266 6734.370
1931295 7 8 465 12.750 191 -3.400 62 267 6734.370
1931180 7 9 462 12.520 190 -3.550 61 268 6150.480
1931025 7 10 458 11.320 185 -4.820 58 269 880.750
1931340 7 7 468 10.930 185 -3.170 63 270 5579.070
1531450 7 4 472 9.700 178 -1.080 71 271 38392.690
1531550 7 5 475 10.580 183 -0.850 72 272 21919.710
1531600 7 6 478 10.980 184 -0.400 75 273 15468.100
1931785 7 7 486 11.350 186 -0.700 75 274 14001.270
1931790 7 8 487 11.250 186 -0.330 75 275 14001.270
1931770 7 9 485 11.770 187 -0.750 74 276 12537.030
1931725 7 10 484 12.380 190 -1.080 72 277 9026.490
1931710 7 11 483 12.750 192 -1.150 72 278 6399.960
1931580 7 12 477 13.000 193 -1.550 70 279 3489.840
1531650 7 6 479 10.870 184 -0.620 74 280 3807.640
1931695 7 7 481 11.430 185 -1.180 73 281 3220.560
1931565 7 8 476 11.780 188 -1.600 70 282 1755.270
10066 7 6 65 10.917 184 -1.250 72 283 880.750
1531420 7 5 469 10.230 181 -1.280 71 284 3529.720
1531430 7 6 470 10.330 181 -1.350 70 285 3235.340
1931550 7 5 474 11.280 186 -1.930 69 286 1172.130
1531800 7 4 488 9.280 178 0.230 77 287 23208.960
1631100 7 5 460 10.300 182 0.470 78 288 14665.260
1931905 7 6 490 11.430 187 1.570 82 289 4689.640
1931860 7 6 489 11.150 186 0.620 79 290 1756.610
1631200 7 5 464 10.200 180 0.450 79 291 2358.390
1631480 7 6 473 9.620 179 0.950 81 292 1179.740
1731450 7 5 471 10.720 182 1.200 80 293 294.150
1531300 7 4 466 7.980 173 -0.880 73 294 2666.290
1531680 7 4 480 8.470 174 -0.220 76 295 2659.050
1159300 8 1 660 -28.460 27 21.250 162 296 144667.440
1159500 8 2 662 -28.500 27 24.600 175 297 49389.660
1159800 8 3 666 -26.820 33 28.060 189 298 14359.900
1160800 8 4 677 -27.440 31 29.980 196 299 265.550
1159650 8 2 665 -30.680 18 26.710 184 300 11943.500
1259150 8 3 658 -30.370 19 27.580 187 301 8838.510
10085 8 4 84 -29.338 23 28.506 191 302 1307.390
1259800 8 4 667 -29.280 24 28.980 192 303 523.090
1259220 8 2 659 -29.000 25 27.720 187 304 1835.520
10086 8 3 85 -28.910 25 27.923 188 305 1573.660
1159600 8 2 663 -31.040 16 26.340 182 306 766.610
1159601 8 3 664 -31.000 16 26.350 182 307 766.610
10087 8 2 86 -29.311 23 27.511 187 308 260.590
1878100 9 1 707 2.170 149 45.090 256 309 90229.280
1878200 9 2 708 2.370 149 45.420 257 310 89930.450
1878300 9 3 709 3.000 152 45.530 259 311 88436.620
1878400 9 4 710 3.870 156 45.670 259 312 84257.570
1878500 9 5 711 4.780 160 45.200 257 313 78592.600
1643100 10 1 606 -0.680 138 10.230 117 314 85199.980
1643200 10 2 607 -0.180 140 10.770 120 315 64275.850
1643250 10 3 609 -0.100 140 11.610 123 316 55305.630
1643300 10 4 611 -0.100 140 11.940 124 317 53212.620
1643400 10 5 614 -0.810 137 12.730 128 318 20924.920
1643550 10 6 617 -1.690 135 13.660 131 319 597.900
1643420 10 5 615 0.510 143 12.830 128 320 20028.790
1643450 10 6 616 0.570 144 12.860 128 321 14646.360
1643320 10 5 612 0.310 142 12.190 125 322 3288.820
1643350 10 5 613 -1.130 135 12.470 125 323 896.780
1643220 10 2 608 -1.890 132 11.560 122 324 5677.290
1643260 10 2 610 -2.230 133 11.500 122 325 1195.630
10284 11 1 281 -22.226 52 29.991 196 326 75599.860
1496500 11 2 807 -22.220 52 29.980 196 327 75599.860
1196550 11 3 809 -22.220 52 29.990 196 328 75599.860
1196551 11 4 810 -22.230 52 29.990 196 329 75599.860
10298 11 5 295 -21.406 55 29.364 194 330 3916.240
10350 11 6 347 -20.778 57 29.363 194 331 2801.420
10334 11 7 331 -20.364 59 29.016 193 332 1682.870
10363 11 8 360 -20.393 59 28.974 192 333 560.650
10364 11 9 361 -20.304 59 28.987 192 334 560.650
10324 11 10 321 -20.381 59 28.514 191 335 280.330
10346 11 8 343 -20.013 60 29.204 193 336 280.780
10319 11 7 316 -20.892 57 29.156 193 337 279.410
1496200 11 5 804 -21.320 56 28.950 192 338 2516.040
10286 11 6 283 -20.866 57 28.956 192 339 559.280
10359 11 7 356 -20.961 57 28.803 192 340 559.280
1496180 11 8 803 -20.970 58 28.800 192 341 279.870
1496300 11 9 805 -20.320 58 29.000 192 342 279.870
10043 11 5 42 -24.699 42 25.926 180 343 1626.100
10044 11 6 43 -25.116 40 25.690 179 344 270.740
10309 11 5 306 -21.020 56 27.901 188 345 1397.500
10360 11 6 357 -20.569 58 27.890 188 346 279.870
10355 11 5 352 -21.046 56 28.146 189 347 1118.550
10045 11 5 44 -21.367 55 27.429 186 348 835.880
1196350 11 5 806 -25.780 37 27.760 189 349 538.120
10281 11 5 278 -21.055 56 28.433 190 350 278.940
1992900 12 1 786 -16.550 74 35.130 217 351 61756.230
1992790 12 2 785 -16.030 77 34.810 216 352 50524.080
1992710 12 3 784 -15.390 79 34.920 216 353 49084.510
1992700 12 4 783 -15.070 80 35.200 217 354 47931.180
1992640 12 5 782 -13.780 85 34.320 215 355 2029.960
1992320 12 5 779 -11.790 94 34.200 213 356 878.440
1292200 12 5 778 -9.320 102 33.920 213 357 589.870
1992600 12 5 781 -14.000 85 33.770 211 358 580.930
1992580 12 6 780 -13.950 86 33.770 211 359 290.620
1992115 12 5 776 -9.910 101 33.430 210 360 294.610
1992180 12 5 777 -10.690 98 34.180 213 361 293.910
1338050 13 1 595 3.770 156 10.070 117 362 51773.570
1338400 13 2 599 4.350 158 11.630 123 363 30341.830
1338600 13 3 602 6.330 166 12.820 128 364 8016.630
1337100 13 4 565 7.220 169 13.570 132 365 593.460
1338201 13 3 596 5.920 164 14.130 133 366 4458.780
1338401 13 3 600 5.920 163 12.670 128 367 1784.790
1338300 13 2 598 4.570 160 11.370 121 368 13384.210
1338252 13 3 597 5.620 163 11.180 121 369 5944.060
10046 13 4 45 6.043 165 11.298 122 370 4456.740
1338503 13 3 601 5.680 163 10.500 118 371 892.920
1895500 14 1 799 -21.100 56 34.680 214 372 43211.950
1495240 14 2 796 -21.130 56 31.270 202 373 9261.290
10357 14 3 354 -21.036 56 31.157 201 374 5328.770
1495200 14 4 794 -21.170 56 31.200 201 375 5328.770
1495160 14 5 792 -20.620 59 30.450 198 376 1968.110
10279 14 6 276 -19.795 61 29.840 196 377 1125.780
10305 14 7 302 -19.768 61 29.876 196 378 1125.780
10308 14 6 305 -19.954 61 30.215 197 379 281.230
10325 14 5 322 -19.919 61 29.192 193 380 281.230
10318 14 5 315 -20.224 60 29.931 196 381 280.780
10340 14 6 337 -20.134 60 29.811 196 382 280.780
10328 14 3 325 -20.419 59 30.623 199 383 2813.970
10362 14 4 359 -19.960 61 30.470 198 384 844.990
1495180 14 5 793 -19.950 62 30.470 198 385 563.770
10337 14 2 334 -19.200 64 32.158 205 386 5098.190
1495700 14 3 800 -19.220 64 32.020 204 387 4532.700
1495720 14 4 801 -18.920 66 31.950 204 388 1418.530
10315 14 5 312 -18.548 66 32.095 205 389 567.170
10301 14 4 298 -18.278 67 31.640 203 390 567.580
10335 14 4 332 -18.709 66 31.384 202 391 566.750
1495220 14 2 795 -21.130 57 31.270 202 392 2806.820
10282 14 3 279 -20.695 58 31.232 201 393 2527.410
10314 14 4 311 -20.267 59 31.028 201 394 1967.670
10294 14 2 291 -19.078 64 32.481 206 395 1982.780
10352 14 3 349 -18.779 65 32.486 206 396 1700.250
1495800 14 4 802 -18.920 66 32.420 206 397 1134.330
10339 14 4 336 -18.835 65 32.688 207 398 282.960
10322 14 2 319 -20.627 58 31.609 203 399 1121.300
1495350 14 3 798 -20.920 58 31.630 203 400 1121.300
10338 14 4 335 -20.300 59 31.433 202 401 561.110
10351 14 5 348 -20.164 60 31.344 202 402 280.780
1495300 14 6 797 -20.080 60 31.070 202 403 280.780
10342 14 2 339 -19.001 64 31.011 201 404 282.530
1257100 15 1 653 -17.900 69 19.750 155 405 42311.060
1426380 16 1 434 5.880 164 -4.750 57 406 38778.520
1426340 16 2 433 8.110 172 -5.410 54 407 9446.260
10054 16 3 53 9.350 178 -5.467 55 408 4126.010
10049 16 4 48 9.565 179 -5.261 55 409 3241.100
1426120 16 5 427 9.740 180 -5.620 54 410 2357.060
10057 16 6 56 9.645 179 -5.628 54 411 294.830
10055 16 4 54 9.336 178 -5.657 54 412 295.040
10056 16 5 55 9.295 178 -5.727 54 413 295.040
10051 16 4 50 9.742 179 -5.177 56 414 294.830
1426140 16 3 428 8.790 176 -5.880 53 415 1476.460
1426180 16 2 429 8.100 172 -6.300 51 416 2958.780
1434510 16 3 535 9.090 177 -6.930 49 417 295.250
1426320 16 2 432 6.630 168 -4.790 57 418 2076.750
10058 16 2 57 6.231 165 -5.084 56 419 297.330
10053 16 2 52 7.031 169 -5.474 55 420 296.730
1434500 16 2 532 9.090 178 -6.910 49 421 295.040
10161 17 1 159 -23.875 45 32.147 205 422 27453.380
1196600 17 2 811 -26.010 37 29.250 194 423 1074.520
10135 18 1 133 34.737 279 -2.805 65 424 25149.420
10138 18 2 136 34.663 279 -2.938 65 425 25149.420
1308600 18 3 374 34.240 278 -3.320 63 426 10725.230
10132 18 3 130 34.078 277 -2.981 65 427 247.550
1427500 19 1 445 5.760 164 -6.600 50 428 24893.120
1427450 19 2 444 6.740 167 -7.000 48 429 14797.210
1427350 19 3 442 7.690 171 -7.060 48 430 11237.020
1427200 19 4 440 8.400 174 -7.130 48 431 6795.970
1427160 19 5 439 8.380 174 -7.700 46 432 2365.430
1427150 19 5 438 8.370 175 -7.200 48 433 2361.570
1427250 19 4 441 7.850 172 -7.540 46 434 2664.120
1427400 19 2 443 6.540 167 -7.480 47 435 2374.100
10023 20 1 22 36.356 286 1.933 84 436 24844.090
10021 20 2 20 36.456 286 2.417 86 437 23637.150
10018 20 3 17 36.163 285 2.561 87 438 22914.070
10007 20 4 7 35.748 283 2.776 88 439 1216.110
10011 20 4 11 35.427 282 1.564 83 440 488.410
10006 20 3 6 36.346 286 2.566 87 441 240.770
1428400 21 1 453 6.620 167 -3.720 62 442 24810.850
1428300 21 2 451 7.950 171 -3.940 62 443 19768.550
1428200 21 3 448 9.590 179 -4.290 59 444 7652.590
1928865 21 4 456 9.850 180 -4.620 57 445 3235.820
1928490 21 5 454 10.170 182 -5.070 56 446 2058.080
1928130 21 6 447 10.300 182 -5.380 55 447 882.210
1928250 21 6 449 10.630 182 -5.120 57 448 294.150
1928625 21 7 455 10.730 182 -4.830 57 449 294.150
1428250 21 4 450 9.670 179 -4.120 60 450 883.810
10170 22 1 168 -26.931 33 17.938 148 451 24458.590
10169 22 2 167 -24.500 43 17.859 148 452 6588.160
10172 22 3 170 -23.150 48 16.933 144 453 825.540
10168 22 3 166 -22.900 49 17.186 145 454 551.540
10163 22 4 161 -22.529 50 17.009 145 455 276.020
10171 22 2 169 -24.450 43 16.667 143 456 272.380
1389090 23 1 719 -21.830 53 43.870 253 457 21947.530
1389100 23 2 720 -21.900 53 44.000 254 458 20560.500
1445100 24 1 619 -4.100 124 12.070 125 459 21189.650
1445490 24 2 620 -4.120 124 13.080 129 460 9845.390
1445050 24 3 618 -4.170 124 13.300 130 461 7161.720
1445600 24 4 621 -4.250 124 14.050 133 462 3282.160
1445700 24 4 622 -3.880 126 13.720 131 463 2089.900
1733600 25 1 498 6.900 169 2.450 86 464 19799.750
1733500 25 2 497 7.170 170 2.430 86 465 15651.240
1733300 25 3 494 8.000 173 2.420 86 466 8557.780
1733320 25 3 495 8.250 175 2.720 87 467 4428.280
1733100 25 4 492 9.200 176 2.670 87 468 3246.060
1733400 25 2 496 7.120 170 2.330 85 469 2961.760
1733200 25 3 493 7.530 171 2.030 85 470 2665.200
1389230 26 1 722 -19.720 61 44.960 257 471 18574.130
1389330 26 2 725 -19.800 61 45.530 260 472 7302.400
1389490 26 3 729 -20.280 60 46.820 264 473 3088.080
1389350 26 2 726 -19.500 63 45.500 259 474 6496.440
1813200 27 1 398 13.470 194 -13.730 22 475 16613.280
1813450 27 2 402 13.350 194 -13.380 23 476 13987.930
1813460 27 3 403 13.350 193 -13.370 23 477 9342.730
1813500 27 4 404 13.030 192 -13.300 24 478 7304.450
1813700 27 5 406 12.870 191 -12.350 28 479 4679.070
1813550 27 5 405 12.620 191 -12.770 25 480 291.810
1813400 27 3 401 13.680 195 -13.170 23 481 2900.550
1813320 27 2 399 13.200 193 -13.620 22 482 2334.420
10015 28 1 14 34.864 280 5.925 100 483 16352.650
10150 29 1 148 33.155 273 -8.115 44 484 15400.490
10119 29 2 117 32.936 272 -8.064 44 485 14899.610
10113 29 3 111 32.475 270 -7.637 46 486 3809.790
10126 29 4 124 31.846 268 -7.078 48 487 1525.720
10148 29 5 146 31.815 268 -6.823 49 488 1271.770
10139 29 4 137 31.645 267 -7.261 47 489 254.630
10152 29 5 150 31.666 267 -7.258 47 490 254.630
10111 29 3 109 32.103 269 -6.919 49 491 3037.610
10117 29 4 115 32.107 269 -6.464 51 492 2531.110
1309550 29 5 377 32.250 270 -6.080 52 493 1010.220
10131 29 3 129 32.588 271 -6.346 51 494 2511.470
1309600 29 4 379 32.680 272 -5.900 53 495 1504.760
10130 29 3 128 32.726 271 -7.927 45 496 251.850
10154 29 3 152 32.792 272 -6.478 51 497 251.150
1897500 30 1 812 -25.020 40 32.730 207 498 14324.950
10236 30 2 234 -25.981 37 31.713 203 499 2957.350
10233 30 3 231 -26.076 36 31.260 202 500 2688.290
10230 30 4 228 -26.234 36 31.091 201 501 268.490
10160 30 2 158 -25.220 40 32.134 205 502 2440.540
10222 30 3 220 -24.890 41 31.090 201 503 812.780
1286700 31 1 716 -8.200 108 37.000 224 504 13886.250
1537180 32 1 569 8.530 175 16.070 141 505 12447.480
1337101 32 2 567 7.750 171 15.330 139 506 4450.550
1337200 32 3 571 7.430 170 15.440 138 507 2967.580
1160580 33 1 673 -33.240 8 26.990 184 508 12386.460
1160510 33 2 672 -33.100 8 26.450 182 509 9368.470
1899100 34 1 814 -26.780 33 32.430 206 510 12263.240
10238 34 2 236 -26.773 33 31.929 204 511 6676.050
10232 34 3 230 -26.333 35 30.980 200 512 804.300
10231 34 2 229 -27.274 31 31.948 204 513 2919.830
10224 34 3 222 -27.517 30 31.050 201 514 264.950
10235 34 2 233 -26.633 34 31.957 204 515 535.240
10237 34 3 235 -26.670 34 31.973 204 516 535.240
10077 35 1 76 -2.392 131 38.054 229 517 12252.690
10081 35 2 80 -0.883 137 36.650 223 518 299.000
10082 35 3 81 -0.761 137 36.682 223 519 299.000
10079 35 2 78 -1.533 134 37.339 226 520 298.920
1425500 36 1 425 4.380 159 -7.590 46 521 12190.220
1425100 36 2 424 7.250 171 -8.060 43 522 888.830
10050 36 2 49 6.241 165 -7.346 47 523 297.330
1160880 37 1 679 -29.140 24 31.390 202 524 11827.710
10225 37 2 223 -28.571 26 29.807 196 525 3411.670
1160850 37 2 678 -28.060 29 30.370 198 526 2117.140
10242 38 1 240 37.204 289 10.083 117 527 11102.820
10243 38 2 241 37.202 289 10.046 117 528 11102.820
10247 38 3 245 37.214 289 10.119 117 529 11102.820
10249 38 4 247 37.213 289 10.114 117 530 11102.820
10253 38 5 251 37.203 289 10.167 117 531 11102.820
10267 38 6 265 37.175 289 10.201 117 532 11102.820
10251 38 7 249 36.782 288 9.795 116 533 10386.750
10271 38 8 268 36.591 287 9.398 114 534 9668.330
1201500 38 9 366 36.580 287 9.520 114 535 9668.330
10246 38 10 244 36.508 287 8.797 112 536 7744.520
10241 38 11 239 36.744 287 8.723 111 537 6297.590
10265 38 12 263 36.282 286 8.642 111 538 4611.440
1201150 38 13 365 36.120 285 8.500 110 539 4129.130
10001 38 12 1 36.262 286 7.863 108 540 240.770
10259 38 10 257 36.008 285 9.367 114 541 483.850
10272 38 11 269 36.156 285 9.352 114 542 483.850
10257 38 10 255 36.760 288 9.002 113 543 239.210
10250 38 8 248 36.961 288 9.545 115 544 239.210
10262 38 7 260 36.772 288 10.016 117 545 239.210
10263 38 7 261 37.044 289 9.864 116 546 238.430
10012 39 1 12 31.511 267 -2.771 65 547 10607.120
10125 39 2 123 32.728 271 -2.568 66 548 2513.590
10121 39 2 119 31.956 268 -3.478 63 549 2024.600
1310600 39 3 388 32.000 269 -3.750 61 550 1010.220
1894200 40 1 790 -19.950 61 34.150 213 551 9561.290
10158 40 2 156 -19.161 64 33.133 209 552 1413.510
10344 40 2 341 -20.242 60 32.827 208 553 562.000
10283 40 2 280 -20.258 59 32.833 208 554 561.110
1815020 41 1 409 11.560 187 -14.670 18 555 9365.550
1815070 41 2 410 11.930 188 -14.210 20 556 8780.010
1615500 41 3 411 11.780 188 -13.200 24 557 4393.750
1526300 42 1 431 5.170 161 -1.630 70 558 8917.660
1732100 43 1 491 6.920 168 1.670 83 559 8587.470
10239 43 2 237 7.533 171 1.089 81 560 592.790
10208 44 1 206 7.259 170 3.255 90 561 7401.750
10182 44 2 180 7.965 172 3.891 92 562 296.220
10190 44 2 188 8.687 175 3.374 90 563 295.660
1389500 45 1 730 -17.420 71 46.850 264 564 7094.430
1389530 45 2 732 -18.150 68 46.930 264 565 3964.250
10101 45 3 100 -18.956 65 47.884 268 566 282.960
10104 45 3 103 -19.255 63 47.844 268 567 282.100
1340500 46 1 605 2.300 150 11.300 122 568 6872.120
1530100 47 1 457 5.120 162 -2.750 65 569 6833.630
1289450 48 1 727 -6.680 114 38.700 231 570 6529.390
1837408 49 1 582 12.100 189 9.190 113 571 6443.710
1837410 49 2 583 11.800 188 8.830 112 572 5858.980
10188 49 3 186 11.584 187 8.384 110 573 2346.550
1837430 49 4 584 11.610 187 8.380 110 574 2346.550
1837431 49 5 585 11.470 187 8.410 110 575 2346.550
1837450 49 6 590 11.900 187 8.410 110 576 2346.550
1837432 49 7 586 11.210 186 8.640 111 577 1467.320
10213 49 7 211 11.465 186 8.408 110 578 586.330
10192 49 3 190 11.957 188 8.131 109 579 1463.980
10199 49 4 197 11.818 188 8.030 109 580 1463.980
10205 49 5 203 11.951 188 8.045 109 581 1463.980
10185 49 6 183 11.703 187 8.033 109 582 292.900
10206 49 6 204 11.932 188 7.828 108 583 292.640
10209 49 7 207 11.927 188 7.884 108 584 292.640
10196 49 3 194 11.611 187 8.854 112 585 292.900
10216 49 3 214 12.167 189 8.146 109 586 292.370
10255 50 1 253 36.144 285 10.311 118 587 6318.970
10270 50 2 267 35.528 283 9.992 116 588 4142.030
1261200 50 3 681 35.380 282 9.720 115 589 3169.750
10252 50 3 250 35.636 283 9.661 115 590 485.380
1261100 50 3 680 35.630 282 9.670 116 591 243.830
10254 50 2 252 36.148 285 10.217 117 592 724.630
10266 50 3 264 36.057 285 9.875 116 593 483.080
1894400 51 1 791 -19.020 65 34.180 213 594 6242.030
1258200 52 1 655 -20.400 59 15.470 138 595 5890.440
10175 52 2 173 -20.417 59 16.483 142 596 560.650
1309700 53 1 381 34.280 278 -5.430 55 597 5458.360
10115 53 2 113 33.932 276 -4.676 58 598 1743.720
10123 53 3 121 33.767 276 -4.561 58 599 1743.720
1309800 53 4 384 33.750 276 -4.530 58 600 1743.720
1309810 53 5 385 33.670 275 -4.500 58 601 1247.170
10118 53 2 116 33.958 276 -5.097 56 602 497.280
10129 53 2 127 34.161 277 -4.749 58 603 495.090
1837250 54 1 574 12.280 190 10.370 118 604 5281.400
1837253 54 2 575 11.420 186 9.950 116 605 3526.130
1837255 54 3 576 10.930 184 9.610 115 606 2939.550
1389600 55 1 734 -22.930 49 46.970 264 607 4951.990
1389480 55 2 728 -21.950 52 46.630 262 608 277.020
10009 56 1 9 35.500 283 -0.203 76 609 4896.080
10005 56 2 5 35.292 282 -0.076 76 610 3184.040
10029 56 3 28 35.289 282 0.028 77 611 243.830
1389520 57 1 731 -16.930 72 46.930 265 612 4834.060
1258100 58 1 654 -19.170 64 13.570 130 613 4520.880
10108 59 1 106 30.675 263 -9.199 40 614 4373.870
10110 60 1 108 33.922 276 -6.808 49 615 4238.750
10144 60 2 142 33.824 276 -6.950 49 616 4238.750
10149 60 3 147 33.938 276 -6.750 50 617 2246.760
1309520 60 4 376 33.210 273 -6.230 51 618 751.310
1309570 60 5 378 33.330 273 -6.030 53 619 250.440
1309500 60 3 375 33.700 275 -6.540 50 620 1247.890
1287800 61 1 717 -5.970 117 35.300 218 621 4169.190
1322800 62 1 422 7.330 170 -9.530 38 622 4145.850
1622500 62 2 421 8.060 173 -9.070 40 623 1479.040
10159 63 1 157 -12.596 90 40.263 238 624 4082.660
10300 64 1 297 -17.076 72 31.537 203 625 3991.910
10353 64 2 350 -17.408 71 31.622 203 626 3706.130
1491850 64 3 775 -17.280 70 31.550 203 627 1423.000
10347 64 4 344 -17.983 69 31.511 203 628 853.400
10316 64 5 313 -18.108 68 31.517 203 629 284.200
10288 64 3 285 -17.379 71 31.197 201 630 856.560
10333 64 4 330 -17.260 71 31.034 201 631 856.560
1491840 64 5 774 -17.300 71 31.300 201 632 856.560
10361 64 6 358 -17.338 71 30.997 200 633 285.390
10343 64 3 340 -17.697 70 31.217 201 634 285.000
10074 65 1 73 -0.641 138 37.911 228 635 3887.190
10076 65 2 75 -0.806 137 37.810 228 636 3289.150
10073 65 3 72 -0.812 137 37.688 227 637 2691.170
10078 65 4 77 -0.879 137 37.589 227 638 2691.170
10083 65 5 82 -0.750 138 37.000 225 639 1196.100
10072 65 5 71 -0.642 138 37.675 227 640 897.070
1259440 66 1 661 -23.070 49 18.630 151 641 3870.290
10176 66 2 174 -22.289 51 17.965 148 642 1383.600
10177 66 3 175 -22.294 51 17.941 148 643 1383.600
10042 67 1 41 -8.875 105 13.628 131 644 3840.720
10048 68 1 47 5.467 162 -3.161 64 645 3566.240
10047 68 2 46 5.598 163 -3.159 64 646 3268.520
1616700 69 1 418 10.500 182 -12.900 24 647 3230.770
10069 69 2 68 10.533 183 -12.664 26 648 881.970
10147 70 1 145 34.666 279 -5.401 55 649 3193.010
1309720 70 2 382 34.590 279 -5.250 56 650 2701.600
1309750 70 3 383 34.620 279 -5.010 57 651 1965.620
10174 71 1 172 -21.148 56 17.178 145 652 3065.010
10179 72 1 177 -22.206 52 16.591 143 653 3047.160
10178 72 2 176 -22.013 52 16.952 144 654 2492.640
1160320 73 1 670 -32.500 12 19.540 155 655 3036.860
10181 74 1 179 7.363 170 4.133 93 656 2962.320
10189 74 2 187 7.894 172 4.535 95 657 592.430
10207 74 2 205 8.169 173 4.196 93 658 296.040
1216450 75 1 415 8.570 175 -11.270 31 659 2953.520
1216400 75 2 414 9.320 177 -11.530 31 660 885.340
10034 76 1 33 34.884 280 -1.648 70 661 2952.130
1107700 76 2 372 35.150 280 -1.450 70 662 2952.130
10140 76 3 138 34.556 279 -1.967 69 663 246.070
10004 76 3 4 34.711 279 -1.503 70 664 246.070
10030 77 1 29 35.573 283 0.587 79 665 2930.450
1104200 77 2 367 35.500 283 0.680 79 666 2930.450
10031 77 3 30 35.292 282 0.583 79 667 979.070
10003 77 3 3 35.346 282 1.036 81 668 732.990
1813350 78 1 400 13.820 196 -13.900 21 669 2898.970
1389670 79 1 735 -16.000 76 47.680 268 670 2867.200
10098 79 2 97 -16.950 73 48.367 270 671 286.160
1196500 80 1 808 -23.070 48 29.580 195 672 2741.790
1339011 81 1 603 3.780 156 12.250 126 673 2684.530
1339012 81 2 604 3.880 156 12.520 127 674 2386.180
1336500 82 1 563 5.750 164 9.320 114 675 2677.960
1427600 83 1 446 5.260 162 -6.060 53 676 2676.460
10040 84 1 39 -12.733 90 14.450 134 677 2625.390
1814070 85 1 407 12.430 190 -14.500 18 678 2625.380
1814400 85 2 408 12.830 192 -14.130 19 679 1165.780
1816490 85 2 417 12.830 191 -14.250 21 680 291.810
10127 86 1 125 31.994 268 -4.462 59 681 2527.620
1310500 86 2 387 32.230 270 -4.520 57 682 505.110
10180 87 1 178 -22.444 51 18.953 152 683 2494.610
10165 87 2 163 -22.210 52 18.839 152 684 1941.560
1389320 88 1 724 -24.700 41 45.070 256 685 2450.860
1898500 89 1 813 -26.050 36 32.320 206 686 2415.210
10162 89 2 160 -26.095 36 32.242 205 687 1073.370
10234 89 3 232 -26.145 36 31.669 203 688 268.490
10084 90 1 83 1.915 148 35.346 218 689 2391.160
1447200 91 1 628 -4.220 124 15.000 136 690 2387.470
1619600 92 1 420 8.500 175 -10.330 36 691 2364.640
10038 93 1 37 -12.986 89 14.151 133 692 2329.490
10323 94 1 320 -21.073 56 30.385 198 693 2237.100
1837800 95 1 594 11.530 186 13.680 130 694 2056.360
10041 96 1 40 -15.325 79 15.892 140 695 2024.070
10036 96 2 35 -14.699 82 16.014 141 696 289.350
10122 97 1 120 34.042 277 -5.907 53 697 1990.550
1104600 98 1 370 36.420 287 4.600 95 698 1926.930
10116 99 1 114 29.789 260 -9.433 39 699 1819.620
10155 99 2 153 29.846 260 -9.495 39 700 1819.620
1348100 100 1 636 3.380 154 12.770 128 701 1790.870
1216350 101 1 413 9.030 177 -11.900 29 702 1770.250
1104500 102 1 369 36.620 287 3.580 91 703 1685.380
10025 102 2 24 36.361 286 3.028 89 704 240.770
10026 102 2 25 36.261 286 3.716 91 705 240.770
10024 102 2 23 36.625 287 3.456 90 706 239.990
1389200 103 1 721 -20.550 58 44.280 254 707 1676.440
1526200 104 1 430 5.450 163 -2.120 68 708 1487.460
1426600 105 1 436 5.970 163 -4.210 61 709 1487.190
1577100 106 1 705 8.630 176 38.600 230 710 1477.480
10124 107 1 122 35.161 281 -6.089 52 711 1468.990
10143 107 2 141 34.942 280 -5.839 53 712 245.330
10114 107 2 112 35.245 281 -5.291 55 713 244.580
1309675 107 3 380 35.000 281 -5.500 55 714 244.580
1389760 108 1 738 -15.500 79 48.620 271 715 1443.380
1258300 109 1 656 -21.430 55 15.670 140 716 1393.280
10002 110 1 2 36.297 286 5.067 97 717 1206.930
1289050 111 1 718 -5.020 119 38.270 230 718 1190.760
10067 112 1 66 5.569 163 -0.344 75 719 1189.860
1286600 113 1 715 -7.530 110 36.420 222 720 1185.570
10039 114 1 38 -13.452 87 15.872 140 721 1164.890
1389800 115 1 739 -13.150 87 49.070 272 722 1162.480
1389700 116 1 736 -14.600 82 48.530 271 723 1158.040
10097 117 1 96 -17.020 72 46.675 263 724 1141.560
1389580 118 1 733 -19.630 62 47.700 267 725 1127.540
10164 119 1 162 -28.083 28 18.617 151 726 1058.560
10166 119 2 164 -28.100 28 18.597 151 727 1058.560
10134 120 1 132 30.917 264 -6.767 49 728 1029.300
10151 120 2 149 30.624 263 -7.305 47 729 257.330
10120 121 1 118 30.569 263 -9.286 39 730 1026.640
10089 122 1 88 32.410 270 14.341 134 731 1010.220
10094 122 2 93 32.280 270 14.481 134 732 1010.220
1160600 123 1 674 -33.180 8 27.390 186 733 1003.880
10136 124 1 134 33.504 275 -7.331 47 734 999.600
10142 124 2 140 33.144 273 -7.058 48 735 250.440
10156 124 2 154 33.059 273 -6.900 49 736 250.440
1160350 125 1 671 -33.570 5 20.700 158 737 993.830
1104300 126 1 368 35.870 283 1.120 81 738 973.040
10010 126 2 10 35.519 283 1.681 83 739 486.900
10063 127 1 62 0.419 142 10.272 118 740 897.080
1286400 128 1 714 -7.880 108 35.370 217 741 887.920
1216300 129 1 412 8.670 175 -11.870 29 742 886.770
1617800 130 1 419 9.870 181 -12.520 26 743 882.680
10037 131 1 36 -11.817 93 17.483 146 744 877.640
10102 132 1 101 -17.350 71 48.375 270 745 856.950
10103 132 2 102 -17.427 71 48.308 270 746 856.950
1389720 133 1 737 -18.800 65 48.600 271 747 850.120
10223 134 1 221 -22.973 49 30.602 199 748 825.540
1258510 135 1 657 -23.470 47 15.770 140 749 823.480
10109 136 1 107 29.094 257 -9.775 37 750 784.950
10090 137 1 89 32.659 271 22.577 167 751 754.860
10088 137 2 87 32.628 271 22.433 166 752 503.000
10137 138 1 135 35.086 281 -3.819 61 753 734.490
10245 139 1 243 36.511 287 10.011 117 754 720.760
10258 139 2 256 36.250 286 9.794 116 755 240.770
10070 140 1 69 0.433 142 35.900 220 756 598.070
1526800 141 1 437 5.380 163 -0.600 73 757 595.190
1626500 142 1 435 6.530 167 1.010 82 758 593.930
1726100 143 1 426 7.100 170 1.880 84 759 592.960
10068 144 1 67 9.958 180 -12.997 25 760 588.990
1577700 145 1 706 10.650 183 39.920 236 761 587.580
1837275 146 1 577 11.430 186 9.490 114 762 586.580
1837285 147 1 579 11.530 188 9.340 113 763 585.540
1837570 147 2 593 12.020 188 9.270 113 764 585.540
10214 148 1 212 12.307 190 8.526 111 765 584.180
10191 148 2 189 12.447 190 8.318 110 766 292.090
1837510 148 3 592 12.320 190 8.530 110 767 292.090
10345 149 1 342 -21.331 55 29.933 196 768 557.410
1389300 150 1 723 -24.370 43 44.520 256 769 545.300
1160750 151 1 676 -29.070 23 30.250 197 770 521.180
10133 152 1 131 31.355 266 -8.136 44 771 511.300
1310400 153 1 386 31.410 265 -5.470 56 772 511.300
10093 154 1 92 32.026 269 20.408 158 773 506.500
10092 155 1 91 32.294 270 13.248 129 774 505.810
10095 155 2 94 32.244 269 13.136 129 775 253.250
10096 156 1 95 32.376 270 20.545 159 776 505.110
10032 157 1 31 35.092 281 -1.137 72 777 489.910
1107800 158 1 373 35.070 282 -1.220 72 778 487.660
10033 159 1 32 35.975 284 1.313 82 779 484.620
10028 160 1 27 36.045 285 1.612 83 780 483.850
10020 161 1 19 36.461 286 7.238 105 781 481.540
10035 161 2 34 36.417 286 6.903 104 782 240.770
10256 162 1 254 37.059 289 9.546 115 783 476.860
10268 162 2 266 37.181 289 9.474 114 784 238.430
10075 163 1 74 -4.333 123 39.167 233 785 298.170
1324500 164 1 423 6.430 167 -8.630 41 786 297.040
10062 165 1 61 8.468 174 39.159 233 787 295.850
10194 166 1 192 12.137 189 8.693 111 788 292.370
1816450 167 1 416 12.920 193 -14.880 16 789 291.230
10366 168 1 363 -16.908 73 31.221 201 790 286.160
10099 169 1 98 -16.983 73 48.783 272 791 286.160
10330 170 1 327 -17.033 72 31.201 201 792 285.780
10173 171 1 171 -17.431 71 14.649 135 793 285.390
1491820 172 1 772 -17.530 70 31.500 204 794 285.000
10100 173 1 99 -17.953 69 48.433 270 795 284.600
10332 174 1 329 -18.185 68 32.209 205 796 284.200
10167 175 1 165 -22.699 50 16.746 143 797 276.020
1160650 176 1 675 -30.730 19 29.830 195 798 257.990
10091 177 1 90 32.206 269 12.900 128 799 253.250
10145 178 1 143 32.324 270 -9.188 40 800 252.560
1160301 179 1 669 -33.420 8 19.270 153 801 250.440
1160300 180 1 668 -33.380 7 19.300 154 802 249.720
10153 181 1 151 35.136 281 -2.914 65 803 244.580
10016 182 1 15 35.163 281 7.020 105 804 244.580
10141 183 1 139 35.446 282 -5.408 55 805 243.830
10128 184 1 126 35.640 283 -5.732 54 806 243.070
10112 185 1 110 35.569 283 -5.496 55 807 243.070
10146 185 2 144 35.708 283 -5.383 55 808 243.070
10014 186 1 13 35.522 283 0.053 77 809 243.070
10017 187 1 16 35.964 284 0.967 80 810 242.310
10022 188 1 21 36.234 285 6.281 102 811 241.540
1104800 189 1 371 36.450 286 7.720 107 812 240.770
10027 190 1 26 36.534 287 2.306 86 813 239.990
10019 191 1 18 36.589 287 6.899 104 814 239.990
10008 192 1 8 36.609 287 8.043 109 815 239.990
10264 193 1 262 36.588 287 10.304 118 816 239.990
10273 193 2 270 36.534 287 10.491 118 817 239.990
10244 194 1 242 36.720 287 10.627 119 818 239.990
10248 195 1 246 36.708 287 10.771 120 819 239.990
10260 195 2 258 36.739 287 10.922 120 820 239.990
10240 196 1 238 36.814 288 10.908 120 821 239.210
10261 196 2 259 36.825 288 10.858 120 822 239.210
